0.0000000000e+00 0.0000000000e+00 0.0000000000e+00 
7.4110000000e-02 0.0000000000e+00 0.0000000000e+00 
1.1084000000e-01 0.0000000000e+00 0.0000000000e+00 
1.1084000000e-01 5.8512604500e-02 1.1385126000e+00 
1.4687000000e-01 5.8512604500e-02 1.1385126000e+00 
2.1584000000e-01 5.8512604500e-02 1.1385126000e+00 
2.1823000000e-01 5.8512604500e-02 1.1385126000e+00 
2.2361000000e-01 5.8512604500e-02 1.1385126000e+00 
2.8708000000e-01 5.8512604500e-02 1.1385126000e+00 
3.1532000000e-01 5.8512604500e-02 1.1385126000e+00 
3.5443000000e-01 5.8512604500e-02 1.1385126000e+00 
4.0956000000e-01 5.8512604500e-02 1.1385126000e+00 
4.2031000000e-01 5.8512604500e-02 1.1385126000e+00 
4.4721000000e-01 5.8512604500e-02 1.1385126000e+00 
4.8411000000e-01 5.8512604500e-02 1.1385126000e+00 
4.9884000000e-01 5.8512604500e-02 1.1385126000e+00 
5.4604000000e-01 5.8512604500e-02 1.1385126000e+00 
5.8343000000e-01 5.8512604500e-02 1.1385126000e+00 
6.0648000000e-01 5.8512604500e-02 1.1385126000e+00 
6.6356000000e-01 5.8512604500e-02 1.1385126000e+00 
6.6540000000e-01 5.8512604500e-02 1.1385126000e+00 
6.7082000000e-01 5.8512604500e-02 1.1385126000e+00 
7.2207000000e-01 5.8512604500e-02 1.1385126000e+00 
7.3947000000e-01 5.8512604500e-02 1.1385126000e+00 
7.7718000000e-01 5.8512604500e-02 1.1385126000e+00 
8.1139000000e-01 5.8512604500e-02 1.1385126000e+00 
8.3078000000e-01 5.8512604500e-02 1.1385126000e+00 
8.7952000000e-01 5.8512604500e-02 1.1385126000e+00 
8.8286000000e-01 5.8512604500e-02 1.1385126000e+00 
8.9443000000e-01 5.8512604500e-02 1.1385126000e+00 
9.3295000000e-01 5.8512604500e-02 1.1385126000e+00 
9.4407000000e-01 5.8512604500e-02 1.1385126000e+00 
9.8143000000e-01 5.8512603828e-02 1.1385126000e+00 
1.0052200000e+00 5.8512603400e-02 1.1385126000e+00 
1.0284300000e+00 5.8505607039e-02 1.1385056037e+00 
1.0631500000e+00 5.8495143300e-02 1.1384951400e+00 
1.0739700000e+00 7.9563244225e-03 1.0879563218e+00 
1.1180300000e+00 -1.9795315500e-01 8.8204684500e-01 
1.1729200000e+00 -3.9928515000e-01 6.8071485000e-01 
1.1921100000e+00 -4.5640203239e-01 6.2359796761e-01 
1.2308500000e+00 -5.7170548300e-01 5.0829451700e-01 
1.2733100000e+00 -6.6707283106e-01 4.1292716894e-01 
1.2920000000e+00 -7.0903845600e-01 3.7096154400e-01 
1.3416400000e+00 -7.8231539199e-01 2.9768460801e-01 
1.3565500000e+00 -8.0431530400e-01 2.7568469600e-01 
1.3630800000e+00 -8.0898847679e-01 2.7101152321e-01 
1.4246800000e+00 -8.5306345800e-01 2.2693654200e-01 
1.4640500000e+00 -8.6199819751e-01 2.1800180249e-01 
1.4966000000e+00 -8.6938499600e-01 2.1061500400e-01 
1.5652500000e+00 -8.7319549922e-01 2.0680450078e-01 
1.5725100000e+00 -8.7359861000e-01 2.0640139000e-01 
1.5765700000e+00 -8.7364707725e-01 2.0635292275e-01 
1.6526400000e+00 -8.7455610500e-01 2.0544389500e-01 
1.7058100000e+00 -8.7468164115e-01 2.0531835885e-01 
1.7372200000e+00 -8.7475580500e-01 2.0524419500e-01 
1.7888500000e+00 -8.7477810589e-01 2.0522189411e-01 
1.8265100000e+00 -8.7479436900e-01 2.0520563100e-01 
1.8539400000e+00 -8.7479637667e-01 2.0520362333e-01 
1.9207500000e+00 -8.7480126700e-01 2.0519873300e-01 
2.0124600000e+00 -8.7480232171e-01 2.0519767829e-01 
2.0202300000e+00 -8.7480241100e-01 2.0519758900e-01 
2.0271000000e+00 -8.7480242396e-01 2.0519757604e-01 
2.1252300000e+00 -8.7480260900e-01 2.0519739100e-01 
2.1252300000e+00 0.0000000000e+00 0.0000000000e+00 
2.2360700000e+00 0.0000000000e+00 0.0000000000e+00 